184716924
188840566
185729783
145917100
262749505
84083794
97107344
108885927
214260454
242469472
165387001
131191959
223185977
198690129
202896605
138832019
36123790
119857247
148040012
110224620
51982271
159178568
65772199
186891880
102997117
66955664
121023827
102246061
229444387
156523764
99107813
98554978
133807398
18420885
59941106
175991280
248978219
90583703
65737099
260825616
40353853
165972098
95291719
13170621
120818553
39729969
35993804
2045124
243744769
13980641
88283266
79636315
101225061
120902102
181316530
89428758
248030008
252464944
10607461
247643569
115675848
230048711
195350321
227490701
120411546
237264671
158470255
42285205
257849471
122329674
33318012
179174532
240129419
135536206
197937687
91577222
108717988
188394007
99914099
122609866
232071212
147436115
103817706
115485205
107507372
105155545
107850521
75968054
46766266
174325957
7366458
20281649
53275818
66280113
143502254
220118174
168845568
252394706
231565358
98382686
